10000, 108.0
10001, 249.9
10001, 512.0
10001, 308.0
10001, 293.25
10002, 280.0
10002, 226.79999999999998
10002, 225.0
10003, 498.18000000000006
10004, 3010.0
10004, 184.2
10005, 173.4
10006, 42.0
10006, 45.2
10007, 104.0
10007, 687.0
10007, 614.0
10008, 324.0
10008, 105.0
10008, 742.0
10009, 420.0
10009, 1110.0
10010, 320.0
10010, 150.0
10011, 393.30000000000007
10011, 96.0
10011, 99.75
10012, 313.6
10012, 360.0
10012, 384.0
10013, 335.0
10013, 225.40000000000003
10014, 172.0
10014, 20.1
10015, 882.0
10015, 75.0
10015, 134.0
10015, 157.5
10015, 175.0
10016, 253.725
10016, 1725.0
10016, 73.95
10017, 252.0
10017, 696.0
10017, 200.0
10018, 980.0
10018, 96.05
10019, 91.8
10020, 280.0
10020, 168.0
10021, 576.0
10021, 585.9
10021, 39.2
10021, 40.0
10021, 374.4
10021, 60.0
10022, 210.0
10022, 157.5
10022, 226.0
10022, 78.0
10023, 266.0
10023, 60.0
10023, 45.0
10024, 320.0
10024, 343.5
10024, 1560.0
10025, 122.0
10025, 63.8
10026, 17.4
10027, 254.6
10027, 1092.5
10027, 881.6
10027, 1117.2
10028, 874.0
10028, 96.0
10029, 14.7
10029, 61.0
10029, 21.6
10030, 424.65
10030, 111.72
10030, 190.0
10030, 183.54000000000002
10031, 112.5
10031, 729.0
10032, 60.0
10032, 34.875
10033, 850.5
10034, 306.0
10034, 441.0
10035, 1050.0
10035, 437.325
10035, 229.5
10035, 268.0
10036, 37.0
10036, 39.2
10036, 274.79999999999995
10037, 113.05
10037, 325.37999999999994
10038, 311.76
10038, 104.0
10038, 351.0
10038, 97.2
10039, 382.5
10040, 1080.0
10040, 910.0
10041, 232.75000000000003
10041, 132.0
10041, 456.0
10042, 78.75
10042, 120.0
10042, 306.0
10042, 556.5
10043, 478.8
10043, 111.72000000000001
10043, 1225.5
10044, 588.0
10044, 484.785
10044, 76.95
10045, 810.0
10045, 42.160000000000004
10045, 297.5
10045, 97.75
10046, 156.0
10046, 60.0
10047, 58.8
10047, 120.0
10047, 20.0
10047, 21.0
10048, 650.0
10049, 315.0
10050, 168.0
10050, 73.5
10050, 450.0
10050, 91.0
10051, 120.0
10051, 630.0
10051, 532.0
10052, 244.0
10052, 1656.0
10052, 388.80000000000007
10053, 219.83999999999995
10053, 25.6
10053, 172.8
10054, 360.0
10054, 288.0
10055, 504.0
10055, 927.5
10056, 1050.0
10056, 204.0
10057, 27.0
10057, 28.0
10058, 312.0
10058, 469.0
10058, 150.0
10058, 570.0
10058, 102.0
10059, 96.0
10059, 54.0
10059, 97.2
10060, 341.59999999999997
10060, 525.0
10060, 60.0
10061, 142.8
10062, 113.24000000000001
10062, 422.94000000000005
10062, 319.2
10063, 182.4
10063, 600.0
10063, 190.0
10064, 33.480000000000004
10064, 67.5
10064, 104.4
10064, 113.4
10065, 519.75
10065, 75.0
10065, 189.0
10066, 69.6
10066, 90.45
10066, 42.120000000000005
10067, 147.0
10067, 87.0
10067, 52.5
10068, 126.35
10068, 186.2
10069, 210.0
10069, 50.400000000000006
10070, 168.0
10070, 88.35
10070, 305.9
10071, 236.25
10071, 3612.0
10071, 52.5
10072, 274.5
10072, 1161.0
10072, 340.2
10072, 189.0
10073, 1374.0
10073, 812.0
10074, 560.0
10074, 60.0
10074, 201.0
10074, 588.0
10075, 1425.9
10075, 324.0
10075, 69.0
10076, 89.60000000000001
10077, 282.24
10077, 8.0
10078, 37.519999999999996
10078, 888.0
10078, 147.2
10079, 135.0
10079, 81.0
10079, 345.0
10080, 319.2
10080, 1560.0
10080, 434.40000000000003
10081, 270.0
10081, 140.0
10081, 150.0
10082, 235.2
10082, 79.2
10082, 336.0
10082, 72.8
10083, 364.0
10083, 366.0
10083, 120.0
10083, 31.5
10084, 260.0
10084, 144.0
10084, 104.0
10084, 345.0
10085, 201.0
10085, 190.0
10085, 150.0
10086, 140.0
10086, 1844.0
10087, 65.10000000000001
10087, 98.0
10087, 833.0
10088, 96.0
10088, 31.360000000000003
10089, 86.8
10089, 49.0
10089, 66.0
10090, 154.0
10090, 189.0
10090, 360.0
10090, 100.0
10091, 176.7
10091, 248.52
10091, 12908.0
10092, 120.0
10092, 130.5
10092, 205.8
10093, 97.2
10093, 157.5
10093, 1810.0000000000002
10093, 824.4
10094, 980.0
10094, 117.60000000000001
10094, 224.0
10094, 523.2
10094, 775.0
10095, 210.0
10095, 120.0
10095, 160.0
10095, 40.0
10096, 390.0
10096, 1560.0
10096, 3010.0
10097, 1299.0
10097, 48.0
10097, 2310.0
10097, 812.0
10098, 157.5
10098, 672.0
10098, 204.75
10098, 742.5
10098, 1463.0
10098, 259.875
10099, 40.8
10099, 888.0
10100, 70.0
10100, 1732.0
10100, 24.0
10101, 91.2
10101, 346.275
10102, 42.0
10102, 866.0
10102, 60.0
10102, 532.0
10103, 199.5
10103, 1380.0
10104, 698.25
10104, 147.0
10104, 14.700000000000001
10104, 283.5
10105, 1355.75
10105, 112.2
10106, 70.0
10106, 380.0
10107, 112.0
10107, 180.0
10107, 276.0
10107, 347.99999999999994
10108, 343.5
10108, 750.0
10109, 514.5
10109, 609.0
10109, 252.0
10109, 50.0
10110, 173.6
10110, 90.0
10110, 320.0
10110, 336.0
10111, 931.5
10112, 252.0
10113, 860.0
10113, 264.59999999999997
10114, 58.8
10114, 80.4
10114, 150.0
10115, 212.8
10115, 104.0
10115, 45.0
10116, 21.0
10116, 266.0
10116, 364.0
10116, 336.0
10117, 225.0
10117, 68.0
10117, 254.79999999999998
10118, 5532.0
10118, 504.0
10118, 154.0
10118, 414.0
10119, 280.0
10119, 260.0
10120, 22.4
10120, 56.0
10121, 921.0
10121, 400.0
10122, 18.0
10123, 1128.75
10123, 243.0
10123, 660.0
10124, 189.0
10124, 537.5999999999999
10124, 240.0
10125, 112.0
10125, 93.0
10126, 196.0
10126, 160.0
10126, 577.5
10127, 87.5
10127, 75.0
10128, 420.0
10128, 28.0
10128, 90.0
10129, 433.5
10130, 108.0
10130, 720.0
10130, 153.9
10131, 490.00000000000006
10131, 440.0
10131, 1428.0
10132, 390.0
10132, 465.0
10132, 135.0
10132, 495.0
10133, 168.0
10133, 2212.8
10133, 319.20000000000005
10134, 116.37500000000001
10135, 63.0
10136, 774.0
10137, 80.0
10137, 120.0
10137, 607.5
10138, 159.60000000000002
10138, 132.0
10139, 460.0
10140, 313.2
10141, 1350.0
10141, 1190.0
10142, 231.0
10142, 99.0
10143, 115.19999999999999
10143, 240.0
10144, 567.0
10144, 108.5
10144, 440.0
10144, 96.0
10145, 76.0
10145, 111.72000000000001
10145, 304.0
10146, 218.0
10146, 54.0
10147, 14.0
10147, 860.0
10147, 370.0
10148, 172.8
10148, 48.0
10148, 618.24
10148, 712.32
10149, 921.0
10149, 504.0
10150, 433.0
10150, 198.0
10150, 36.0
10151, 15.3
10151, 17.0
10152, 342.0
10152, 28.5
10152, 114.0
10153, 352.0
10153, 285.6
10154, 126.0
10154, 117.60000000000001
10154, 17.4
10155, 960.0
10155, 680.0
10155, 600.0
10156, 300.0
10156, 385.0
10156, 180.0
10157, 386.75
10157, 189.0
10157, 446.25
10158, 378.0
10158, 117.60000000000001
10158, 156.0
10158, 90.0
10158, 288.0
10159, 432.0
10159, 200.34000000000003
10160, 24.0
10160, 25.5
10161, 205.79999999999998
10161, 798.0
10161, 117.60000000000001
10162, 62.21999999999999
10162, 8.67
10162, 91.8
10163, 252.0
10163, 72.0
10163, 1104.0
10163, 348.0
10164, 36.0
10165, 540.0
10165, 441.0
10166, 546.0
10166, 224.0
10166, 60.0
10167, 488.7
10167, 220.32
10167, 205.2
10168, 2128.0
10168, 204.8
10168, 300.0
10169, 1146.6000000000001
10169, 130.5
10170, 60.0
10170, 60.0
10170, 216.0
10171, 12.8
10171, 350.0
10172, 51.0
10172, 54.0
10172, 121.5
10173, 860.0
10173, 192.5
10174, 205.2
10174, 430.92
10175, 183.6
10175, 282.625
10175, 1130.5
10176, 84.0
10176, 450.0
10176, 43.5
10176, 150.0
10177, 648.0
10177, 224.0
10177, 105.6
10178, 272.0
10178, 168.0
10178, 210.0
10179, 322.0
10180, 160.0
10180, 180.0
10180, 66.0
10181, 450.0
10181, 1092.0
10182, 220.0
10182, 52.0
10183, 65.1
10183, 88.2
10183, 84.0
10184, 390.0
10184, 64.0
10184, 25.200000000000003
10185, 9.6
10185, 243.2
10185, 112.0
10186, 112.0
10186, 512.0
10186, 180.8
10186, 399.0
10187, 684.0
10187, 364.8
10188, 84.0
10188, 258.75
10189, 351.0
10190, 61.199999999999996
10191, 45.0
10191, 300.0
10192, 228.0
10192, 40.0
10193, 567.0
10193, 3520.0
10193, 78.0
10194, 171.5
10194, 375.0
10195, 3864.0
10195, 126.0
10196, 315.0
10196, 94.5
10196, 4149.0
10197, 18.9
10197, 181.44000000000003
10197, 202.5
10198, 1106.4
10198, 48.0
10198, 468.0
10198, 378.0
10199, 792.0
10199, 280.0
10199, 480.0
10200, 411.59999999999997
10201, 283.5
10201, 243.0
10202, 252.0
10202, 1480.29
10202, 179.55
10203, 840.0
10203, 100.0
10204, 456.75
10204, 157.5
10204, 1425.0
10205, 104.39999999999999
10205, 336.0
10205, 336.0
10205, 850.0
10205, 350.0
10206, 540.0
10206, 384.0
10207, 71.4
10207, 102.0
10207, 285.6
10208, 287.28000000000003
10209, 38.4
10209, 180.0
10209, 70.56
10210, 176.39999999999998
10210, 340.2
10210, 567.0
10210, 146.25
10210, 202.5
10211, 151.2
10211, 240.0
10211, 182.0
10212, 64.0
10212, 223.125
10213, 1844.0
10213, 240.0
10213, 126.0
10214, 25.6
10214, 42.0
10214, 875.0
10214, 252.0
10215, 140.0
10215, 735.3
10216, 270.0
10216, 157.5
10217, 187.6
10217, 231.0
10218, 408.5
10218, 370.5
10219, 302.4
10219, 640.0
10219, 36.0
10220, 76.0
10220, 14.534999999999998
10220, 712.5
10221, 104.0
10221, 192.0
10221, 460.0
10222, 910.0
10222, 1232.0
10223, 27.0
10223, 60.0
10223, 133.0
10224, 116.25
10224, 187.5
10225, 980.0
10225, 120.0
10225, 495.0
10225, 49.0
10225, 573.3
10226, 1675.0
10226, 7620.8
10226, 89.6
10226, 28.559999999999995
10226, 1276.8
10227, 75.6
10227, 211.68
10228, 68.69999999999999
10228, 464.0
10229, 88.2
10229, 7.0
10230, 1080.0
10230, 1040.0
10231, 310.5
10232, 181.0
10232, 280.0
10232, 199.0
10233, 61.199999999999996
10233, 520.0
10234, 65.10000000000001
10234, 687.0
10234, 50.4
10235, 75.0
10235, 283.5
10235, 135.0
10236, 560.0
10236, 718.2
10237, 102.4
10237, 496.8
10237, 38.4
10238, 252.0
10238, 50.4
10238, 140.0
10238, 48.6
10239, 560.0
10240, 808.5
10240, 13.5
10240, 63.0
10240, 630.0
10241, 319.2
10241, 66.5
10241, 760.0
10242, 169.575
10242, 223.125
10242, 170.0
10243, 98.0
10243, 60.0
10244, 144.0
10244, 31.200000000000003
10245, 403.2
10245, 96.0
10246, 180.0
10247, 569.625
10247, 400.0
10247, 472.5
10248, 168.0
10248, 98.0
10248, 121.5
10249, 167.4
10249, 1696.0
10250, 77.0
10250, 1261.4
10250, 214.2
10251, 95.76
10251, 222.3
10251, 336.0
10252, 2462.4
10252, 47.5
10252, 1088.0
10253, 200.0
10253, 604.8000000000001
10253, 640.0
10254, 45.9
10254, 342.71999999999997
10254, 168.0
10255, 304.0
10255, 486.5
10255, 380.0
10255, 1320.0
10256, 393.0
10256, 124.80000000000001
10257, 877.5
10257, 86.4
10257, 156.0
10258, 608.0
10258, 884.0
10258, 122.88000000000002
10259, 80.0
10259, 20.8
10260, 92.4
10260, 780.0
10260, 443.25
10260, 189.0
10261, 160.0
10261, 288.0
10262, 163.2
10262, 360.0
10262, 60.8
10263, 625.5
10263, 100.8
10263, 931.5
10263, 216.0
10264, 532.0
10264, 163.625
10265, 936.0
10265, 240.0
10266, 346.55999999999995
10267, 735.0
10267, 2618.0
10267, 183.6
10268, 990.0
10268, 111.2
10269, 114.0
10269, 528.2
10270, 456.0
10270, 919.9999999999999
10271, 48.0
10272, 388.79999999999995
10272, 400.0
10272, 667.2
10273, 565.44
10273, 142.5
10273, 40.0
10273, 837.9
10273, 451.44
10274, 344.0
10274, 194.6
10275, 41.04
10275, 250.8
10276, 372.0
10276, 48.0
10277, 728.0
10277, 472.79999999999995
10278, 248.0
10278, 660.0
10278, 280.8
10278, 300.0
10279, 351.0
10280, 43.2
10280, 384.0
10280, 186.0
10281, 7.3
10281, 21.6
10281, 57.6
10282, 124.19999999999999
10282, 31.2
10283, 248.0
10283, 131.4
10283, 952.0
10283, 83.4
10284, 394.875
10284, 325.5
10284, 408.0
10284, 42.0
10285, 518.4
10285, 470.4
10285, 754.56
10286, 1440.0
10286, 1576.0
10287, 472.6
10287, 224.0
10287, 122.4
10288, 53.1
10288, 27.0
10289, 240.0
10289, 239.4
10290, 340.0
10290, 1485.0
10290, 240.0
10290, 104.0
10291, 86.4
10291, 334.8
10291, 76.32
10292, 1296.0
10293, 600.0
10293, 36.0
10293, 175.5
10293, 37.2
10294, 259.2
10294, 468.0
10294, 552.0
10294, 571.1999999999999
10294, 37.2
10295, 121.6
10296, 201.60000000000002
10296, 417.0
10296, 432.0
10297, 864.0
10297, 556.0
10298, 608.0
10298, 456.0
10298, 990.0
10298, 591.0
10299, 109.5
10299, 240.0
10300, 408.0
10300, 200.0
10301, 147.0
10301, 608.0
10302, 1248.0
10302, 1019.1999999999999
10302, 441.59999999999997
10303, 529.2
10303, 453.6
10303, 135.0
10304, 480.0
10304, 440.0
10304, 34.4
10305, 1125.0
10305, 2227.5
10305, 388.8
10306, 207.0
10306, 262.0
10306, 29.5
10307, 394.0
10307, 30.0
10308, 28.8
10308, 60.0
10309, 352.0
10309, 600.0
10309, 22.4
10309, 736.0
10309, 51.599999999999994
10310, 139.0
10310, 197.0
10311, 67.19999999999999
10311, 201.6
10312, 145.6
10312, 883.1999999999999
10312, 524.0
10312, 62.0
10313, 182.39999999999998
10314, 921.6
10314, 286.2
10314, 886.5
10315, 156.79999999999998
10315, 360.0
10316, 77.0
10316, 2758.0
10317, 288.0
10318, 154.0
10318, 86.4
10319, 249.6
10319, 509.59999999999997
10319, 432.0
10320, 516.0
10321, 144.0
10322, 112.0
10323, 62.0
10323, 44.8
10323, 57.6
10324, 248.11500000000004
10324, 856.8
10324, 288.0
10324, 1496.0
10324, 2386.8
10325, 120.0
10325, 57.599999999999994
10325, 167.4
10325, 40.0
10325, 1112.0
10326, 422.40000000000003
10326, 249.6
10326, 310.0
10327, 304.0
10327, 672.0
10327, 579.6
10327, 254.4
10328, 396.0
10328, 672.0
10328, 100.0
10329, 69.35
10329, 157.32
10329, 4005.2
10329, 346.55999999999995
10330, 1058.25
10330, 590.75
10331, 88.5
10332, 1600.0
10332, 89.6
10332, 97.28
10333, 186.0
10333, 72.0
10333, 619.2
10334, 44.8
10334, 100.0
10335, 85.11999999999999
10335, 200.0
10335, 122.88000000000002
10335, 1628.1599999999999
10336, 285.12
10337, 288.0
10337, 597.5999999999999
10337, 304.0
10337, 582.4
10337, 695.0
10338, 624.0
10338, 310.5
10339, 176.0
10339, 2074.8
10339, 1103.2
10340, 950.0
10340, 87.78
10340, 1398.4
10341, 16.0
10341, 336.6
10342, 291.8399999999999
10342, 448.0
10342, 486.4
10342, 614.4
10343, 1330.0
10343, 38.0
10343, 216.0
10344, 616.0
10344, 1680.0
10345, 2240.0
10345, 584.0
10345, 100.8
10346, 1010.8800000000001
10346, 608.0
10347, 112.0
10347, 612.0
10347, 58.8
10347, 31.620000000000005
10348, 183.6
10348, 180.0
10349, 141.60000000000002
10350, 175.5
10350, 466.55999999999995
10351, 4005.2
10351, 100.10000000000001
10351, 1133.825
10351, 159.6
10352, 36.0
10352, 100.3
10353, 161.28000000000003
10353, 8432.0
10354, 172.8
10354, 396.0
10355, 90.0
10355, 390.0
10356, 300.0
10356, 230.39999999999998
10356, 576.0
10357, 595.2
10357, 398.4
10357, 174.07999999999998
10358, 34.2
10358, 106.4
10358, 288.8
10359, 739.48
10359, 665.0
10359, 2067.2
10360, 1092.0
10360, 3465.0
10360, 2108.0
10360, 560.0
10360, 165.20000000000002
10361, 699.84
10361, 1346.4
10362, 560.0
10362, 848.0
10362, 141.60000000000002
10363, 200.0
10363, 74.4
10363, 172.8
10364, 864.0
10364, 86.0
10365, 403.20000000000005
10366, 84.0
10366, 52.0
10367, 403.2
10367, 106.2
10367, 252.0
10367, 72.8
10368, 36.0
10368, 425.88
10368, 390.0
10368, 837.9
10369, 1980.0
10369, 410.4
10370, 183.6
10370, 798.0
10370, 136.0
10371, 72.95999999999998
10372, 583.1999999999999
10372, 6324.0
10372, 1428.0
10372, 875.7
10373, 678.4
10373, 688.0
10374, 300.0
10374, 159.0
10375, 279.0
10375, 59.0
10376, 399.0
10377, 618.8
10377, 244.8
10378, 103.19999999999999
10379, 55.44
10379, 505.44
10379, 302.4
10380, 335.34
10380, 471.6
10380, 146.88
10380, 360.0
10381, 112.0
10382, 544.0
10382, 450.0
10382, 1386.0
10382, 120.0
10382, 400.0
10383, 96.0
10383, 195.0
10383, 608.0
10384, 1814.3999999999999
10384, 408.0
10385, 192.0
10385, 435.2
10385, 64.0
10386, 54.0
10386, 112.0
10387, 54.0
10387, 218.39999999999998
10387, 528.0
10387, 258.0
10388, 91.2
10388, 89.6
10388, 1048.0
10389, 396.8
10389, 288.0
10389, 788.0
10389, 360.0
10390, 540.0
10390, 518.4
10390, 432.0
10390, 600.48
10391, 86.39999999999999
10392, 1440.0
10393, 285.0
10393, 585.9000000000001
10393, 58.8
10393, 1307.25
10393, 320.0
10394, 48.0
10394, 394.0
10395, 241.92000000000002
10395, 1650.6
10395, 230.4
10396, 288.0
10396, 1032.0
10396, 583.8000000000001
10397, 68.0
10397, 648.7199999999999
10398, 432.0
10398, 2073.6
10399, 600.0
10399, 516.0
10399, 504.0
10399, 145.6
10400, 2079.0
10400, 504.0
10400, 480.0
10401, 372.59999999999997
10401, 2128.0
10401, 336.0
10401, 1032.0
10402, 432.0
10402, 2281.5
10403, 248.11500000000004
10403, 606.9
10404, 709.65
10404, 425.6
10404, 456.0
10405, 400.0
10406, 144.0
10406, 216.0
10406, 1375.92
10406, 68.4
10406, 26.459999999999997
10407, 504.0
10407, 432.0
10407, 258.0
10408, 208.0
10408, 35.400000000000006
10408, 1379.0
10409, 223.20000000000002
10409, 96.0
10410, 98.0
10410, 704.0
10411, 154.0
10411, 496.0
10411, 316.8
10412, 334.8
10413, 345.6
10413, 1576.0
10413, 201.6
10414, 124.83000000000001
10414, 100.0
10415, 62.4
10415, 40.0
10416, 146.0
10416, 262.0
10416, 312.0
10417, 10540.0
10417, 14.399999999999999
10417, 270.0
10417, 364.0
10418, 912.0
10418, 418.0
10418, 364.8
10418, 120.0
10419, 1550.4
10419, 547.2
10420, 1396.8
10420, 8.64
10420, 86.4
10420, 216.0
10421, 24.82
10421, 747.0
10421, 334.05
10421, 88.4
10422, 49.8
10423, 140.0
10423, 880.0
10424, 691.2
10424, 8263.36
10424, 240.0
10425, 144.0
10425, 216.0
10426, 152.0
10426, 186.20000000000002
10427, 651.0
10428, 192.0
10429, 520.0
10429, 921.375
10430, 1123.2
10430, 400.0
10430, 912.0
10430, 2464.0
10431, 1170.0
10431, 551.25
10431, 171.0
10432, 249.0
10432, 236.0
10433, 851.1999999999999
10434, 100.80000000000001
10434, 220.32
10435, 152.0
10435, 201.60000000000002
10435, 278.0
10436, 48.0
10436, 1094.4
10436, 718.2
10436, 133.92000000000002
10437, 393.0
10438, 87.6
10438, 179.2
10438, 187.2
10439, 456.0
10439, 222.4
10439, 159.60000000000002
10439, 240.0
10440, 581.4
10440, 578.9350000000001
10440, 2019.6
10440, 1744.2
10441, 1755.0
10442, 504.0
10442, 472.0
10442, 816.0
10443, 80.64000000000001
10443, 436.79999999999995
10444, 312.0
10444, 373.5
10444, 115.2
10444, 231.0
10445, 86.4
10445, 88.5
10446, 78.83999999999999
10446, 64.8
10446, 27.0
10446, 75.6
10447, 292.0
10447, 588.0
10447, 34.4
10448, 149.39999999999998
10448, 294.0
10449, 347.2
10449, 112.0
10449, 1379.0
10450, 396.8
10450, 28.320000000000004
10451, 2073.6
10451, 837.9
10451, 423.36
10451, 514.8
10452, 546.0
10452, 1472.5
10453, 137.7
10453, 270.0
10454, 222.4
10454, 32.0
10454, 76.8
10455, 288.0
10455, 1310.0
10455, 570.0
10455, 516.0
10456, 272.0
10456, 285.6
10457, 1584.0
10458, 747.0
10458, 1092.0
10458, 736.0
10458, 456.0
10458, 860.0
10459, 364.8
10459, 182.4
10459, 1112.0
10460, 157.5
10460, 18.6
10461, 240.0
10461, 434.70000000000005
10461, 864.0
10462, 4.8
10462, 151.20000000000002
10463, 153.29999999999998
10463, 560.0
10464, 225.28000000000003
10464, 110.39999999999999
10464, 729.6
10464, 544.0
10465, 90.0
10465, 1603.8
10465, 294.0
10465, 205.2
10465, 325.0
10466, 168.0
10466, 48.0
10467, 100.8
10467, 134.39999999999998
10468, 165.6
10468, 552.0
10469, 516.8
10469, 413.525
10469, 26.35
10470, 1500.0
10470, 108.0
10470, 212.8
10471, 720.0
10471, 608.0
10472, 273.6
10472, 763.1999999999999
10473, 24.0
10473, 206.39999999999998
10474, 223.20000000000002
10474, 655.1999999999999
10474, 308.7
10474, 62.0
10475, 297.5
10475, 693.6
10475, 514.08
10476, 36.48
10476, 144.0
10477, 216.0
10477, 126.0
10477, 216.0
10478, 471.2
10479, 6324.0
10479, 733.6
10479, 2640.0
10479, 798.0
10480, 228.0
10480, 528.0
10481, 384.0
10481, 1088.0
10482, 147.0
10483, 372.4
10483, 296.4
10484, 112.0
10484, 147.0
10484, 127.19999999999999
10485, 273.6
10485, 144.0
10485, 518.4
10485, 648.0
10486, 84.0
10486, 1060.0
10486, 128.0
10487, 36.5
10487, 747.0
10487, 106.20000000000002
10488, 1320.0
10488, 192.0
10489, 189.0
10489, 250.20000000000002
10490, 2640.0
10490, 300.0
10490, 223.20000000000002
10491, 197.625
10491, 61.879999999999995
10492, 638.4
10492, 212.8
10493, 226.8
10493, 122.4
10493, 259.2
10494, 912.0
10495, 72.0
10495, 154.0
10495, 52.0
10496, 190.0
10497, 425.59999999999997
10497, 695.0
10497, 260.0
10498, 63.0
10498, 92.0
10498, 420.0
10499, 912.0
10499, 500.0
10500, 176.7
10500, 346.56
10501, 149.0
10502, 199.5
10502, 196.79999999999998
10502, 420.0
10503, 1627.5
10503, 421.0
10504, 228.0
10504, 120.0
10504, 328.0
10504, 712.5
10505, 147.89999999999998
10506, 226.8
10506, 189.0
10507, 586.5
10507, 162.5625
10508, 60.0
10508, 180.0
10509, 136.8
10510, 4456.4400000000005
10510, 251.1
10511, 935.0
10511, 1275.0
10511, 340.0
10512, 38.25
10512, 91.8
10512, 48.45
10512, 346.8
10513, 320.0
10513, 1280.0
10513, 342.0
10514, 3159.0
10514, 1596.0
10514, 2660.0
10514, 820.95
10514, 387.5
10515, 1319.2
10515, 872.5
10515, 5268.0
10515, 34.0
10515, 2427.6
10516, 1406.25
10516, 694.8
10516, 280.0
10517, 42.0
10517, 220.0
10517, 90.0
10518, 22.5
10518, 3952.5
10518, 175.04999999999998
10519, 471.2
10519, 1520.0
10519, 323.0
10520, 36.0
10520, 164.0
10521, 54.0
10521, 96.5
10521, 75.0
10522, 576.0
10522, 960.0
10522, 414.23999999999995
10522, 367.99999999999994
10523, 877.5
10523, 1093.5
10523, 421.2
10523, 52.11000000000001
10524, 62.0
10524, 258.9
10524, 2760.0
10524, 111.75
10525, 570.0
10525, 248.4
10526, 122.4
10526, 60.0
10526, 969.0
10527, 990.0
10527, 513.0
10528, 63.0
10528, 16.0
10528, 313.2
10529, 336.0
10529, 250.0
10529, 360.0
10530, 1560.0
10530, 1150.0
10530, 570.0
10530, 900.0
10531, 110.0
10532, 388.35
10532, 408.0
10533, 1045.0
10533, 835.1999999999999
10533, 342.0
10534, 258.9
10534, 147.2
10534, 59.6
10535, 945.0
10535, 165.6
10535, 87.75
10535, 742.5
10536, 427.5
10536, 250.0
10536, 75.0
10536, 892.5
10537, 375.0
10537, 318.0
10537, 265.0
10537, 730.8
10537, 135.0
10538, 105.0
10538, 34.8
10539, 48.0
10539, 150.0
10539, 37.5
10539, 120.0
10540, 600.0
10540, 1249.2
10540, 7905.0
10540, 437.5
10541, 141.75
10541, 948.6
10541, 682.0200000000001
10541, 174.15
10542, 299.25
10542, 169.86
10543, 969.0
10543, 535.5
10544, 319.2
10544, 98.0
10545, 210.0
10546, 300.0
10546, 540.0
10546, 1972.0
10547, 652.8
10547, 1140.0
10548, 105.0
10548, 135.1
10549, 584.375
10549, 807.5
10549, 2162.4
10550, 280.8
10550, 92.0
10550, 54.0
10550, 256.5
10551, 593.3
10551, 306.0
10551, 778.0
10552, 648.0
10552, 232.5
10553, 315.0
10553, 244.29999999999998
10553, 504.0
10553, 375.0
10553, 108.0
10554, 497.325
10554, 171.0
10554, 936.7
10554, 123.5
10555, 558.0
10555, 257.6
10555, 64.8
10555, 848.0
10555, 1216.0
10556, 835.1999999999999
10557, 997.5
10557, 155.0
10558, 237.5
10558, 1060.0
10558, 210.0
10558, 590.4
10558, 45.0
10559, 110.01
10559, 410.4
10560, 517.8
10560, 554.625
10561, 194.5
10561, 2650.0
10562, 45.0
10562, 443.7
10563, 475.0
10563, 490.0
10564, 592.8
10564, 71.25
10564, 570.0
10565, 101.25
10565, 538.65
10566, 624.75
10566, 956.25
10566, 180.0
10567, 600.0
10567, 159.0
10567, 1760.0
10568, 155.0
10569, 350.0
10569, 540.0
10570, 299.25
10570, 2166.0
10571, 217.3875
10571, 333.2
10572, 188.45999999999998
10572, 288.0
10572, 919.9999999999999
10572, 104.625
10573, 702.0
10573, 560.0
10573, 819.9999999999999
10574, 35.0
10574, 36.8
10574, 493.0
10574, 199.5
10575, 660.0
10575, 263.4
10575, 1044.0
10575, 180.0
10576, 180.0
10576, 250.0
10576, 408.45
10577, 180.0
10577, 155.0
10577, 234.0
10578, 360.0
10578, 117.0
10579, 155.0
10579, 162.75
10580, 331.3125
10580, 82.50750000000001
10580, 599.925
10581, 310.0
10582, 78.0
10582, 252.0
10583, 1237.9
10583, 693.6
10583, 306.0
10584, 593.75
10585, 142.5
10586, 23.8
10587, 187.38
10587, 360.0
10587, 260.0
10588, 2000.0
10588, 1120.0
10589, 72.0
10590, 360.0
10590, 741.0
10591, 140.0
10591, 300.0
10591, 372.5
10592, 368.125
10592, 148.3425
10593, 1360.8
10593, 576.0
10593, 57.6
10594, 168.0
10594, 397.5
10595, 405.0
10595, 2565.0
10595, 1755.0
10596, 152.0
10596, 842.8799999999999
10596, 186.0
10597, 126.0
10597, 390.0
10597, 202.08
10598, 2195.0
10598, 193.5
10599, 493.0
10600, 29.8
10600, 450.0
10601, 360.0
10601, 1925.0
10602, 48.75
10603, 1008.0
10603, 475.0
10604, 68.85
10604, 162.0
10605, 497.325
10605, 1045.0
10605, 2261.0
10605, 306.375
10606, 352.0
10606, 384.0
10606, 394.4
10607, 1350.0
10607, 3900.0
10607, 35.0
10607, 772.8
10607, 417.59999999999997
10608, 1064.0
10609, 54.0
10609, 310.0
10609, 60.0
10610, 299.25
10611, 108.0
10611, 190.0
10611, 510.0
10612, 2170.0
10612, 1045.0
10612, 360.0
10612, 1360.0
10612, 1440.0
10613, 43.2
10613, 310.0
10614, 294.0
10614, 80.0
10614, 90.0
10615, 120.0
10616, 3754.875
10616, 532.0
10616, 213.75
10616, 306.375
10617, 1402.5
10618, 1750.0
10618, 760.0
10618, 187.5
10619, 420.0
10619, 840.0
10620, 22.5
10620, 35.0
10621, 46.0
10621, 90.0
10621, 300.0
10621, 322.5
10622, 380.0
10622, 180.0
10623, 488.25
10623, 124.2
10623, 225.0
10623, 13.5
10623, 486.0
10624, 456.0
10624, 742.74
10624, 194.5
10625, 69.75
10625, 70.0
10625, 340.0
10626, 393.59999999999997
10626, 680.0
10626, 430.0
10627, 739.5
10627, 446.25
10628, 450.0
10629, 2475.8
10629, 299.25
10630, 273.6
10630, 630.0
10631, 55.8
10632, 541.5
10632, 47.5
10633, 1162.8
10633, 66.3
10633, 929.0925
10633, 3352.4
10634, 1050.0
10634, 3125.0
10634, 795.0
10634, 15.5
10635, 198.0
10635, 288.225
10635, 840.0
10636, 550.0
10636, 79.5
10637, 210.0
10637, 385.9375
10637, 2166.0
10638, 190.0
10638, 442.05
10638, 2088.0
10639, 500.0
10640, 540.0
10640, 168.75
10641, 950.0
10641, 1104.0
10642, 240.0
10642, 456.0
10643, 513.0
10643, 283.5
10643, 18.0
10644, 225.0
10644, 920.0
10644, 226.8
10645, 1250.0
10645, 285.0
10646, 202.5
10646, 418.5
10646, 483.75
10646, 341.25
10647, 276.0
10647, 360.0
10648, 315.0
10648, 57.375
10649, 912.0
10649, 522.0
10650, 776.7
10650, 778.9999999999999
10650, 223.5
10651, 82.8
10651, 315.0
10652, 38.835
10652, 280.0
10653, 471.15
10653, 612.0
10654, 237.6
10654, 324.0
10654, 40.230000000000004
10655, 154.4
10656, 62.775
10656, 490.14000000000004
10656, 51.3
10657, 775.0
10657, 231.60000000000002
10657, 540.0
10657, 95.0
10657, 1710.0
10657, 1020.0
10658, 600.0
10658, 1223.6
10658, 1776.5
10658, 864.5
10659, 237.5
10659, 419.52
10659, 570.0
10660, 1701.0
10661, 43.2
10661, 519.4
10662, 125.0
10663, 524.4
10663, 399.0
10663, 1007.0
10664, 632.4
10664, 387.6
10664, 268.3875
10665, 1060.0
10665, 55.0
10665, 180.0
10666, 4456.4400000000005
10666, 210.5
10667, 1296.0
10667, 240.8
10668, 90.0
10668, 86.4
10668, 448.875
10669, 570.0
10670, 288.0
10670, 720.0
10670, 350.0
10670, 750.0
10670, 193.75
10671, 174.5
10671, 493.0
10671, 252.60000000000002
10672, 3557.25
10672, 258.0
10673, 52.349999999999994
10673, 84.0
10673, 276.0
10674, 45.0
10675, 697.5
10675, 328.0
10675, 397.5
10676, 62.0
10676, 64.39999999999999
10676, 408.45
10677, 796.365
10677, 17.0
10678, 3800.0
10678, 75.0
10678, 1158.0
10678, 223.5
10679, 660.0
10680, 654.375
10680, 187.5
10680, 420.0
10681, 248.4
10681, 108.0
10681, 931.0
10682, 75.0
10682, 68.0
10682, 232.5
10683, 63.0
10684, 368.0
10684, 380.0
10684, 1020.0
10685, 620.0
10685, 38.6
10685, 142.5
10686, 936.0
10686, 468.45
10687, 3637.5
10687, 1237.9
10687, 85.5
10688, 502.2
10688, 2462.4
10688, 196.0
10689, 472.5
10690, 570.0
10690, 292.5
10691, 540.0
10691, 4951.6
10691, 1840.0
10691, 466.79999999999995
10691, 2366.3999999999996
10692, 878.0
10693, 582.0
10693, 379.95
10693, 918.0
10693, 191.25
10694, 2700.0
10694, 1375.0
10694, 750.0
10695, 400.0
10695, 152.0
10695, 90.0
10696, 780.0
10696, 216.0
10697, 48.3
10697, 121.5
10697, 298.125
10697, 337.5
10698, 315.0
10698, 296.4
10698, 1411.206
10698, 1299.8375
10698, 114.0
10699, 114.0
10700, 72.0
10700, 134.39999999999998
10700, 400.0
10700, 1032.0
10701, 1963.5
10701, 365.5
10701, 535.5
10702, 60.0
10702, 270.0
10703, 95.0
10703, 1925.0
10703, 525.0
10704, 132.0
10704, 157.5
10704, 306.0
10705, 250.0
10705, 128.0
10706, 349.0
10706, 1104.0
10706, 440.0
10707, 504.0
10707, 780.0
10707, 357.0
10708, 85.4
10708, 95.0
10709, 1600.0
10709, 1484.0
10709, 340.0
10710, 46.0
10710, 47.5
10711, 110.39999999999999
10711, 405.3
10711, 3935.9999999999995
10712, 93.47999999999999
10712, 1140.0
10713, 558.0
10713, 936.9
10713, 1045.0
10713, 288.0
10714, 427.5
10714, 789.75
10714, 356.25
10714, 513.0
10714, 119.25
10715, 651.0
10715, 645.0
10716, 50.0
10716, 371.0
10716, 285.0
10717, 304.0
10717, 111.75
10717, 855.0
10718, 1368.0
10718, 349.0
10718, 760.0
10718, 986.0
10719, 562.5
10719, 58.2525
10719, 223.5
10720, 378.0
10720, 172.0
10721, 923.875
10722, 57.0
10722, 625.0
10722, 562.5
10722, 325.5
10723, 468.45
10724, 496.0
10724, 142.5
10725, 115.80000000000001
10725, 28.0
10725, 144.0
10726, 550.0
10726, 105.0
10727, 741.0
10727, 361.0
10727, 522.5
10728, 388.35
10728, 110.39999999999999
10728, 288.0
10728, 510.0
10729, 900.0
10729, 300.0
10729, 650.0
10730, 248.6625
10730, 35.625
10730, 199.975
10731, 380.0
10731, 1510.5
10732, 360.0
10733, 372.0
10733, 912.0
10733, 175.0
10734, 750.0
10734, 388.35
10734, 360.0
10735, 513.0
10735, 23.4
10736, 842.0
10736, 155.0
10737, 24.0
10737, 115.80000000000001
10738, 52.349999999999994
10739, 114.0
10739, 126.0
10740, 182.4
10740, 504.0
10740, 304.0
10740, 425.6
10741, 228.0
10742, 200.0
10742, 1700.0
10742, 1218.0
10743, 319.2
10744, 735.9999999999999
10745, 1500.0
10745, 311.2
10745, 2475.0
10745, 243.59999999999997
10746, 36.0
10746, 392.0
10746, 443.7
10746, 1440.0
10747, 100.0
10747, 337.75
10747, 395.09999999999997
10747, 1080.0
10748, 396.0
10748, 736.0
10748, 1064.0
10749, 570.0
10749, 330.0
10749, 180.0
10750, 98.8125
10750, 323.0
10750, 1168.75
10751, 337.284
10751, 776.7
10751, 292.5
10751, 225.0
10752, 144.0
10752, 108.0
10753, 38.0
10753, 50.0
10754, 55.199999999999996
10755, 213.75
10755, 855.0
10755, 204.75
10755, 675.0
10756, 1050.0
10756, 304.0
10756, 60.0
10756, 576.0
10757, 420.0
10757, 385.0
10757, 1479.0
10757, 798.0
10758, 624.6
10758, 420.0
10758, 600.0
10759, 320.0
10760, 126.0
10760, 1756.0
10760, 1035.0
10761, 367.5
10761, 139.5
10762, 288.0
10762, 285.0
10762, 1484.0
10762, 2280.0
10763, 400.0
10763, 126.0
10763, 90.0
10764, 180.0
10764, 2106.0
10765, 1515.6
10766, 760.0
10766, 1050.0
10766, 500.0
10767, 28.0
10768, 84.0
10768, 625.0
10768, 510.0
10768, 258.0
10769, 275.025
10769, 99.75
10769, 570.0
10769, 739.5
10770, 236.25
10771, 344.0
10772, 2228.2200000000003
10772, 1375.0
10773, 1287.0
10773, 700.0
10773, 43.4
10774, 18.75
10774, 850.0
10775, 186.0
10775, 42.0
10776, 190.0
10776, 159.6
10776, 243.675
10776, 6042.0
10777, 224.0
10778, 96.5
10779, 349.0
10779, 986.0
10780, 525.0
10780, 195.0
10781, 17.880000000000003
10781, 608.0
10781, 350.0
10782, 12.5
10783, 125.0
10783, 1317.5
10784, 570.0
10784, 30.6
10784, 887.4
10785, 310.0
10785, 77.5
10786, 960.0
10786, 310.68
10786, 260.4
10787, 270.75
10787, 2352.01
10788, 436.99999999999994
10788, 294.5
10789, 1875.0
10789, 270.0
10789, 1317.0
10789, 225.0
10790, 76.5
10790, 646.0
10791, 1646.4070000000002
10791, 183.35
10792, 190.0
10792, 22.35
10792, 187.5
10793, 135.1
10793, 56.0
10794, 279.0
10794, 35.760000000000005
10795, 1134.25
10795, 1023.75
10796, 524.664
10796, 194.5
10796, 931.0
10796, 691.2
10797, 420.0
10798, 98.6
10798, 348.0
10799, 102.0
10799, 76.5
10799, 1375.0
10800, 945.0
10800, 477.0
10800, 46.934999999999995
10801, 1170.0
10801, 1856.8500000000001
10802, 485.4375
10802, 1192.5
10802, 1080.0
10802, 184.875
10803, 209.76
10803, 199.5
10803, 783.75
10804, 1116.0
10804, 1094.4
10804, 68.0
10805, 140.0
10805, 2635.0
10806, 285.0
10806, 42.1
10806, 112.5
10807, 18.4
10808, 646.0
10808, 765.0
10809, 140.0
10810, 42.0
10810, 70.0
10810, 75.0
10811, 138.0
10811, 162.0
10811, 552.0
10812, 180.0
10812, 1252.8
10812, 260.0
10813, 182.39999999999998
10813, 420.0
10814, 193.0
10814, 782.0
10814, 86.7
10814, 726.75
10815, 40.0
10816, 7509.75
10816, 936.7
10817, 1061.8200000000002
10817, 7905.0
10817, 938.4
10817, 1047.625
10818, 640.0
10818, 193.0
10819, 322.0
10819, 155.0
10820, 1140.0
10821, 360.0
10821, 318.0
10822, 147.89999999999998
10822, 90.0
10823, 378.0
10823, 292.5
10823, 1980.0
10823, 175.5
10824, 115.80000000000001
10824, 135.0
10825, 374.76
10825, 656.0
10826, 437.5
10826, 292.5
10827, 465.0
10827, 378.0
10828, 405.0
10828, 527.0
10829, 190.0
10829, 800.0
10829, 60.0
10829, 714.0
10830, 150.0
10830, 504.0
10830, 1020.0
10830, 300.0
10831, 18.4
10831, 144.0
10831, 2108.0
10831, 414.0
10832, 14.399999999999999
10832, 112.0
10832, 248.95999999999998
10832, 99.75
10833, 540.0
10833, 101.25
10833, 265.68
10834, 940.8040000000001
10834, 491.90999999999997
10835, 825.0
10835, 20.8
10836, 1092.0
10836, 108.0
10836, 468.0
10836, 2040.0
10836, 997.5
10837, 36.0
10837, 459.99999999999994
10837, 285.0
10837, 283.5
10838, 54.0
10838, 1171.875
10838, 712.5
10839, 357.75
10839, 469.8
10840, 67.19999999999999
10840, 144.0
10841, 496.0
10841, 1140.0
10841, 2750.0
10841, 195.0
10842, 315.0
10842, 230.0
10842, 250.0
10842, 180.0
10843, 159.0
10844, 735.0
10845, 567.0
10845, 405.0
10845, 529.2
10845, 715.5
10845, 1596.0
10846, 462.0
10846, 450.0
10846, 200.0
10847, 1152.0
10847, 88.32
10847, 1248.0
10847, 273.6
10847, 1224.0
10847, 946.0
10848, 640.5
10848, 291.0
10849, 490.0
10849, 477.81899999999996
10850, 238.0
10850, 8.5
10850, 382.5
10851, 90.25
10851, 133.0
10851, 185.25
10851, 2194.5
10852, 285.0
10852, 234.0
10852, 2465.0
10853, 625.0
10854, 2635.0
10854, 331.5
10855, 872.5
10855, 175.0
10855, 912.0
10855, 268.3875
10856, 380.0
10856, 280.0
10857, 300.0
10857, 819.7874999999999
10857, 928.4250000000001
10858, 150.0
10858, 439.0
10858, 60.0
10859, 135.0
10859, 195.5625
10859, 748.125
10860, 159.0
10860, 360.0
10861, 1638.0
10861, 1250.0
10861, 400.0
10861, 87.5
10861, 147.89999999999998
10862, 525.0
10862, 56.0
10863, 306.0
10863, 135.15
10864, 72.0
10864, 210.0
10865, 15019.5
10865, 1368.0
10866, 299.25
10866, 20.25
10866, 776.6999999999999
10867, 98.39999999999999
10868, 624.6
10868, 540.0
10868, 756.0
10869, 720.0
10869, 210.0
10869, 450.0
10869, 250.0
10870, 54.0
10870, 106.0
10871, 1187.5
10871, 198.92999999999998
10871, 592.8
10872, 228.0
10872, 936.7
10872, 473.8125
10872, 419.9475
10873, 200.0
10873, 136.8
10874, 310.0
10875, 229.99999999999997
10875, 179.55
10875, 300.0
10876, 252.0
10876, 665.0
10877, 392.625
10877, 1562.5
10878, 1539.0
10879, 220.79999999999998
10879, 210.5
10879, 180.0
10880, 216.0
10880, 684.0
10880, 600.0
10881, 150.0
10882, 350.0
10882, 340.0
10882, 202.64000000000001
10883, 36.0
10884, 380.0
10884, 758.1
10884, 239.97000000000003
10885, 380.0
10885, 54.0
10885, 450.0
10885, 325.0
10886, 2170.0
10886, 437.5
10886, 520.0
10887, 70.0
10888, 380.0
10888, 225.0
10889, 840.0
10889, 10540.0
10890, 585.0
10890, 140.0
10890, 135.1
10891, 368.9325
10892, 2090.0
10893, 1200.0
10893, 45.0
10893, 2970.96
10893, 906.15
10893, 380.0
10894, 159.6
10894, 1710.0
10894, 883.5
10895, 495.0
10895, 810.0
10895, 1674.3999999999999
10895, 3400.0
10896, 142.5
10896, 608.0
10897, 9903.2
10897, 932.04
10898, 30.0
10899, 122.4
10900, 33.75
10901, 289.5
10901, 645.0
10902, 612.0
10902, 251.42999999999995
10903, 240.0
10903, 442.05
10903, 250.0
10904, 198.75
10904, 1725.5
10905, 342.0
10906, 427.5
10907, 108.5
10908, 570.0
10908, 93.1
10909, 360.0
10909, 261.75
10909, 48.25
10910, 110.39999999999999
10910, 200.0
10910, 142.5
10911, 180.0
10911, 468.0
10911, 210.0
10912, 630.0
10912, 5570.55
10913, 495.0
10913, 75.0
10913, 198.75
10914, 537.5
10915, 390.0
10915, 75.0
10915, 74.5
10916, 104.69999999999999
10916, 192.0
10916, 390.0
10917, 25.89
10917, 340.0
10918, 810.0
10918, 637.5
10919, 418.79999999999995
10919, 336.0
10919, 368.0
10920, 390.0
10921, 180.0
10921, 1756.0
10922, 585.0
10922, 157.5
10923, 112.0
10923, 368.0
10923, 268.79999999999995
10924, 558.0
10924, 1231.2
10924, 46.5
10925, 403.75
10925, 71.4
10926, 42.0
10926, 60.0
10926, 64.39999999999999
10926, 348.0
10927, 405.0
10927, 35.0
10927, 360.0
10928, 47.5
10928, 90.0
10929, 600.0
10929, 379.75
10929, 195.0
10930, 360.0
10930, 1097.5
10930, 480.0
10930, 318.0
10931, 214.2
10931, 585.0
10932, 471.15
10932, 621.18
10932, 556.8
10932, 139.5
10933, 65.6
10933, 855.0
10934, 500.0
10935, 378.0
10935, 187.5
10935, 54.0
10936, 456.0
10937, 364.8
10937, 280.0
10938, 90.0
10938, 828.0
10938, 1249.5
10938, 564.375
10939, 161.5
10939, 476.0
10940, 240.0
10940, 120.0
10941, 412.5
10941, 1109.25
10941, 750.0
10941, 1739.9999999999998
10942, 560.0
10943, 90.0
10943, 441.0
10943, 180.0
10944, 78.75
10944, 262.575
10944, 684.0
10945, 120.0
10945, 125.0
10946, 775.0
10946, 112.5
10946, 520.0
10947, 220.0
10948, 146.25
10948, 2120.0
10948, 96.0
10949, 300.0
10949, 930.0
10949, 234.0
10949, 2958.0
10950, 110.0
10951, 35.625
10951, 55.005
10951, 368.125
10952, 380.0
10952, 91.2
10953, 3847.5
10953, 593.75
10954, 415.30999999999995
10954, 265.625
10954, 285.0
10954, 693.6
10955, 74.4
10956, 120.0
10956, 133.0
10956, 424.0
10957, 776.7
10957, 720.0
10957, 266.0
10958, 427.0
10958, 180.0
10958, 174.0
10959, 131.75
10960, 33.75
10960, 231.60000000000002
10961, 39.9
10961, 1080.0
10962, 1350.0
10962, 462.0
10962, 656.0
10962, 324.0
10962, 792.0
10963, 57.8
10964, 375.0
10964, 1317.5
10964, 360.0
10965, 848.0
10966, 208.0
10966, 387.6
10966, 502.8599999999999
10967, 110.39999999999999
10967, 800.0
10968, 1140.0
10968, 135.0
10968, 133.0
10969, 108.0
10970, 224.0
10971, 1733.0600000000002
10972, 234.0
10972, 17.5
10973, 156.15
10973, 57.900000000000006
10973, 77.5
10974, 439.0
10975, 640.0
10975, 77.5
10976, 912.0
10977, 540.0
10977, 285.0
10977, 530.0
10977, 878.0
10978, 680.0
10978, 340.0
10978, 184.0
10978, 99.195
10979, 540.0
10979, 760.0
10979, 360.0
10979, 1317.0
10979, 300.0
10979, 1536.5
10980, 248.0
10981, 15810.0
10982, 600.0
10982, 414.0
10983, 428.4
10983, 292.5
10984, 959.75
10984, 90.0
10984, 760.0
10985, 565.3799999999999
10985, 450.0
10985, 1008.0
10986, 630.0
10986, 1215.0
10986, 180.0
10986, 195.0
10987, 1800.0
10987, 276.0
10987, 696.0
10988, 1800.0
10988, 1774.8
10989, 1000.0
10989, 315.0
10989, 38.6
10990, 650.0
10990, 714.0
10990, 1326.0
10990, 1598.85
10991, 760.0
10991, 240.0
10991, 1296.0
10992, 69.6
10993, 4642.125
10993, 253.3125
10994, 940.5
10995, 1060.0
10995, 136.0
10996, 560.0
10997, 1600.0
10997, 180.0
10997, 105.0
10998, 54.0
10998, 199.5
10998, 200.0
10998, 232.5
10999, 183.35
10999, 755.25
10999, 259.35
11000, 412.5
11000, 101.25
11000, 390.0
11001, 1800.0
11001, 525.0
11001, 300.0
11001, 144.0
11002, 336.0
11002, 229.5
11002, 285.6
11002, 960.0
11003, 72.0
11003, 184.0
11003, 70.0
11004, 187.38
11004, 108.0
11005, 36.0
11005, 550.0
11006, 144.0
11006, 185.685
11007, 1200.0
11007, 1237.9
11007, 196.0
11008, 3032.4
11008, 1197.0
11008, 451.5
11009, 54.0
11009, 256.5
11009, 306.0
11010, 600.0
11010, 45.0
11011, 503.5
11011, 430.0
11012, 436.99999999999994
11012, 1162.8
11012, 1225.5
11013, 90.0
11013, 56.0
11013, 190.0
11013, 25.0
11014, 243.17999999999998
11015, 388.35
11015, 234.0
11016, 187.5
11016, 304.0
11017, 250.0
11017, 6050.0
11017, 450.0
11018, 760.0
11018, 625.0
11018, 190.0
11019, 36.0
11019, 40.0
11020, 632.4
11021, 156.75
11021, 1215.0
11021, 1967.49
11021, 1749.0
11021, 1218.0
11022, 322.0
11022, 1080.0
11023, 120.0
11023, 1380.0
11024, 374.76
11024, 75.0
11024, 442.05
11024, 1075.0
11025, 162.0
11025, 108.0
11026, 500.0
11026, 530.0
11027, 101.25
11027, 776.4749999999999
11028, 840.0
11028, 1320.0
11029, 760.0
11029, 526.8
11030, 1425.0
11030, 1494.5
11030, 5570.55
11030, 4125.0
11031, 810.0
11031, 480.0
11031, 94.5
11031, 665.0
11031, 344.0
11032, 665.0
11032, 6587.5
11032, 1650.0
11033, 2066.4
11033, 1166.4
11034, 135.0
11034, 233.39999999999998
11034, 171.0
11035, 180.0
11035, 1080.0
11035, 420.0
11035, 74.5
11036, 42.0
11036, 1650.0
11037, 60.0
11038, 73.6
11038, 14.0
11038, 645.0
11039, 912.0
11039, 432.0
11039, 1200.0
11039, 546.0
11040, 200.0
11041, 456.0
11041, 1317.0
11042, 291.75
11042, 114.0
11043, 210.0
11044, 591.5999999999999
11045, 37.5
11045, 1272.0
11046, 722.0
11046, 456.0
11046, 307.8
11047, 337.5
11047, 480.375
11048, 525.0
11049, 152.0
11049, 121.6
11050, 810.0
11051, 36.0
11052, 1104.0
11052, 228.0
11053, 1750.0
11053, 640.0
11053, 665.0
11054, 25.0
11054, 280.0
11055, 67.5
11055, 210.0
11055, 1060.0
11055, 390.0
11056, 1200.0
11056, 840.0
11056, 1700.0
11057, 45.0
11058, 30.0
11058, 714.0
11058, 114.0
11059, 180.0
11059, 468.0
11059, 1190.0
11060, 136.0
11060, 130.0
11061, 510.0
11062, 262.4
11062, 144.0
11063, 420.0
11063, 662.4
11063, 260.55
11064, 2702.7
11064, 115.80000000000001
11064, 737.9999999999999
11064, 86.4
11064, 687.5
11065, 77.67
11065, 111.75
11066, 52.349999999999994
11066, 386.4
11066, 490.0
11067, 86.85000000000001
11068, 310.08000000000004
11068, 1407.6
11068, 309.4
11069, 360.0
11070, 612.0
11070, 323.0
11070, 444.975
11070, 250.0
11071, 427.5
11071, 57.0
11072, 152.0
11072, 386.0
11072, 357.5
11072, 4322.5
11073, 210.0
11073, 90.0
11074, 232.08499999999998
11075, 161.5
11075, 306.0
11075, 30.6
11076, 375.0
11076, 348.75
11076, 69.0
11077, 364.79999999999995
11077, 40.0
11077, 22.0
11077, 24.5
11077, 28.5
11077, 72.0
11077, 31.0
11077, 72.2
11077, 24.0
11077, 22.5525
11077, 33.853
11077, 77.76
11077, 18.0
11077, 32.0
11077, 34.2
11077, 28.950000000000003
11077, 35.28
11077, 14.0
11077, 48.0
11077, 63.92
11077, 64.505
11077, 17.0
11077, 29.7
11077, 31.0
